/ 47 1
* 42 1
A 350 1
sample 350 6
program 350 7
passed 350 6
as 350 2
input 350 5
for 257 3
lexical 350 7
analyser 350 8
. 46 1
* 42 1
/ 47 1
# 35 1
include 259 7
< 60 1
stdio 350 5
. 46 1
h 350 1
> 62 1
int 261 3
main 350 4
( 40 1
) 41 1
{ 123 1
int 261 3
a 350 1
, 44 1
b 350 1
, 44 1
sum 350 3
; 59 1
printf 350 6
( 40 1
" -1 1
\ -1 1
nEnter 350 6
two 350 3
no 350 2
: 58 1
" -1 1
) 41 1
; 59 1
scanf 350 5
( 40 1
" -1 1
% 37 1
d 350 1
% 37 1
d 350 1
" -1 1
, 44 1
& 38 1
a 350 1
, 44 1
& 38 1
b 350 1
) 41 1
; 59 1
sum 350 3
= 61 1
a 350 1
+ 43 1
b 350 1
; 59 1
printf 350 6
( 40 1
" -1 1
Sum 350 3
: 58 1
% 37 1
d 350 1
" -1 1
, 44 1
sum 350 3
) 41 1
; 59 1
return 260 6
0 351 1
; 59 1
} 125 1
